1765	0.003	0
1766	0.003	0.0053382963
1767	0.003	0.010676593
1768	0.003	0.016014889
1769	0.003	0.021353185
1770	0.003	0.026691482
1771	0.0039999999	0.032029778
1772	0.0039999999	0.037368074
1773	0.0039999999	0.042706371
1774	0.0039999999	0.048044667
1775	0.0039999999	0.053382963
1776	0.0039999999	0.058721259
1777	0.0039999999	0.064059556
1778	0.0039999999	0.069397852
1779	0.0039999999	0.074736148
1780	0.0039999999	0.080074445
1781	0.0049999999	0.085412741
1782	0.0049999999	0.090751037
1783	0.0049999999	0.096089334
1784	0.0049999999	0.10142763
1785	0.0049999999	0.10676593
1786	0.0049999999	0.11210422
1787	0.0049999999	0.11744252
1788	0.0049999999	0.12278082
1789	0.0049999999	0.12811911
1790	0.0049999999	0.13345741
1791	0.0059999999	0.1387957
1792	0.0059999999	0.144134
1793	0.0059999999	0.1494723
1794	0.0059999999	0.15481059
1795	0.0059999999	0.16014889
1796	0.0059999999	0.16548719
1797	0.0069999999	0.17082548
1798	0.0069999999	0.17616378
1799	0.0069999999	0.18150207
1800	0.0079999999	0.18684037
1801	0.0079999999	0.19217867
1802	0.0099999999	0.19751696
1803	0.0089999999	0.20285526
1804	0.0089999999	0.20819356
1805	0.0089999999	0.21353185
1806	0.0099999998	0.21887015
1807	0.0099999999	0.22420845
1808	0.0099999999	0.22954674
1809	0.0099999999	0.23488504
1810	0.0099999999	0.24022333
1811	0.011	0.24556163
1812	0.011	0.25089993
1813	0.011	0.25623822
1814	0.011	0.26157652
1815	0.012	0.26691482
1816	0.013	0.27225311
1817	0.014	0.27759141
1818	0.014	0.2829297
1819	0.014	0.288268
1820	0.014	0.2936063
1821	0.014	0.29894459
1822	0.015	0.30428289
1823	0.016	0.30962119
1824	0.016	0.31495948
1825	0.017	0.32029778
1826	0.017	0.32563608
1827	0.018	0.33097437
1828	0.018	0.33631267
1829	0.018	0.34165096
1830	0.024	0.34698926
1831	0.023	0.35232756
1832	0.023	0.35766585
1833	0.024	0.36300415
1834	0.024	0.36834245
1835	0.025	0.37368074
1836	0.029	0.37901904
1837	0.029	0.38435733
1838	0.03	0.38969563
1839	0.031	0.39503393
1840	0.032999999	0.40037222
1841	0.033999999	0.40571052
1842	0.035999999	0.41104882
1843	0.036999999	0.41638711
1844	0.038999999	0.42172541
1845	0.042999999	0.42706371
1846	0.042999999	0.432402
1847	0.045999999	0.4377403
1848	0.046999999	0.44307859
1849	0.049999999	0.44841689
1850	0.053999999	0.45375519
1851	0.053999999	0.44678569
1852	0.056999999	0.49862282
1853	0.058999999	0.49735449
1854	0.068999999	0.49581708
1855	0.070999999	0.49367925
1856	0.075999999	0.49893488
1857	0.076999999	0.504232
1858	0.077999999	0.50923298
1859	0.082999999	0.51425389
1860	0.090999999	0.51896689
1861	0.094999998	0.5282236
1862	0.096999998	0.47371663
1863	0.104	0.47374912
1864	0.112	0.47413825
1865	0.119	0.47479536
1866	0.122	0.47491218
1867	0.13022269	0.47338353
1868	0.13525196	0.47198274
1869	0.14228123	0.47048522
1870	0.14731051	0.46933399
1871	0.15633978	0.48732546
1872	0.17336905	0.56696435
1873	0.18439832	0.57690133
1874	0.1744276	0.58328394
1875	0.18845687	0.5899696
1876	0.19148614	0.59639187
1877	0.19451541	0.60262312
1878	0.196	0.6090507
1879	0.21	0.61534752
1880	0.236	0.62124317
1881	0.243	0.64887292
1882	0.256	0.60466403
1883	0.272	0.60851762
1884	0.275	0.61212775
1885	0.27699999	0.61523611
1886	0.28099999	0.61714413
1887	0.295	0.61616314
1888	0.32699999	0.61473356
1889	0.32699999	0.6132002
1890	0.35599999	0.61175412
1891	0.37199999	0.61024855
1892	0.37399999	0.62319119
1893	0.36999999	0.62440331
1894	0.38299999	0.64036719
1895	0.40599999	0.64441851
1896	0.41899999	0.6462784
1897	0.43999999	0.64956412
1898	0.46499999	0.65100098
1899	0.50699999	0.65220446
1900	0.53399999	0.65320628
1901	0.55199999	0.70294318
1902	0.56599999	0.70297364
1903	0.61699999	0.72667096
1904	0.62399999	0.74829324
1905	0.66299999	0.76981521
1906	0.70699999	0.79653384
1907	0.78399999	0.80376274
1908	0.74999999	0.81141278
1909	0.78499999	0.81737807
1910	0.81899999	0.82198169
1911	0.83599999	0.77889405
1912	0.87899999	0.74784844
1913	0.94299999	0.72297977
1914	0.84999999	0.71479152
1915	0.83799999	0.70574964
1916	0.90099999	0.70811648
1917	0.95499999	0.7111963
1918	0.93599999	0.71430427
1919	0.80599999	0.71965435
1920	0.93199999	0.72128338
1921	0.80299999	0.75741661
1922	0.84499999	0.7479409
1923	0.96999999	0.75328819
1924	0.96299999	0.75686059
1925	0.97499999	0.75808855
1926	0.98299999	0.76148327
1927	1.062	0.79718283
1928	1.065	0.79967141
1929	1.145	0.82422601
1930	1.053	0.89587975
1931	0.93999999	0.90334082
1932	0.84699999	0.81222597
1933	0.89299999	0.80858849
1934	0.97299999	0.79686256
1935	1.027	0.79471575
1936	1.13	0.80129993
1937	1.209	0.77969902
1938	1.142	0.78188222
1939	1.192	0.77944376
1940	1.299	0.76683237
1941	1.334	0.75036458
1942	1.342	0.7690497
1943	1.391	0.7637656
1944	1.383	0.76839864
1945	1.16	0.76914739
1946	1.238	0.84214892
1947	1.392	0.87017994
1948	1.469	0.87513044
1949	1.419	0.88212641
1950	1.63	0.89233465
1951	1.768	1.0885201
1952	1.796	1.1096378
1953	1.841	1.1045171
1954	1.865	1.1521416
1955	2.043	1.1911855
1956	2.178	1.2446883
1957	2.27	1.2718718
1958	2.33	1.3195817
1959	2.462	1.2035957
1960	2.577	1.1922833
1961	2.594	1.2443218
1962	2.7	1.2355717
1963	2.848	1.2442947
1964	3.008	1.2515879
1965	3.145	1.2642558
1966	3.305	1.2936968
1967	3.411	1.2976254
1968	3.588	1.2352028
1969	3.8	1.2383879
1970	4.076	1.1971129
1971	4.231	1.0708913
1972	4.399	1.0470621
1973	4.6349999	1.0330987
1974	4.644	1.0387371
1975	4.615	1.0315876
1976	4.883	1.0906077
1977	5.029	1.0939874
1978	5.105	1.09037
1979	5.387	1.0647127
1980	5.332	1.0252096
1981	5.168	1.0448621
1982	5.127	1.1904055
1983	5.11	1.2255201
1984	5.29	1.2600833
1985	5.444	1.2753449
1986	5.61	1.2872023
1987	5.753	1.2940086
1988	5.964	1.3167248
1989	6.089	1.3236436
1990	6.144	1.3194833
1991	6.235	1.3809799
1992	6.118	1.3035304
1993	6.124	1.2981006
1994	6.242	1.2895956
1995	6.372	1.2750104
1996	6.51	1.2511025
1997	6.619	1.2181397
1998	6.588	1.2148431
1999	6.569	1.1827892
2000	6.735	1.1488
2001	6.8959	1.132
2002	6.949	1.2317
2003	7.286	1.2257
2004	7.6719	1.2429
2005	7.971	1.1955
2006	8.1427	1.1676
2007	8.3136	1.14
2008	8.4828667	1.1121667
2009	8.6521333	1.0843333
2010	8.8214	1.0565
2011	8.86803	1.04813
2012	8.91466	1.03976
2013	8.96129	1.03139
2014	9.00792	1.02302
2015	9.05455	1.01465
2016	9.10118	1.00628
2017	9.14781	0.99791
2018	9.19444	0.98954
2019	9.24107	0.98117
2020	9.2877	0.9728
2021	9.07462	0.95441
2022	8.86154	0.93602
2023	8.64846	0.91763
2024	8.43538	0.89924
2025	8.2223	0.88085
2026	8.00922	0.86246
2027	7.79614	0.84407
2028	7.58306	0.82568
2029	7.36998	0.80729
2030	7.1569	0.7889
2031	6.8947	0.75891
2032	6.6325	0.72892
2033	6.3703	0.69893
2034	6.1081	0.66894
2035	5.8459	0.63895
2036	5.5837	0.60896
2037	5.3215	0.57897
2038	5.0593	0.54898
2039	4.7971	0.51899
2040	4.5349	0.489
2041	4.39997	0.46022
2042	4.26504	0.43144
2043	4.13011	0.40266
2044	3.99518	0.37388
2045	3.86025	0.3451
2046	3.72532	0.31632
2047	3.59039	0.28754
2048	3.45546	0.25876
2049	3.32053	0.22998
2050	3.1856	0.2012
2051	3.00896	0.2426
2052	2.83232	0.284
2053	2.65568	0.3254
2054	2.47904	0.3668
2055	2.3024	0.4082
2056	2.12576	0.4496
2057	1.94912	0.491
2058	1.77248	0.5324
2059	1.59584	0.5738
2060	1.4192	0.6152
2061	1.28885	0.6075
2062	1.1585	0.5998
2063	1.02815	0.5921
2064	0.8978	0.5844
2065	0.76745	0.5767
2066	0.6371	0.569
2067	0.50675	0.5613
2068	0.3764	0.5536
2069	0.24605	0.5459
2070	0.1157	0.5382
2071	0.06083	0.53938
2072	0.00596	0.54056
2073	-0.04891	0.54174
2074	-0.10378	0.54292
2075	-0.15865	0.5441
2076	-0.21352	0.54528
2077	-0.26839	0.54646
2078	-0.32326	0.54764
2079	-0.37813	0.54882
2080	-0.433	0.55
2081	-0.47674	0.55524
2082	-0.52048	0.56048
2083	-0.56422	0.56572
2084	-0.60796	0.57096
2085	-0.6517	0.5762
2086	-0.69544	0.58144
2087	-0.73918	0.58668
2088	-0.78292	0.59192
2089	-0.82666	0.59716
2090	-0.8704	0.6024
2091	-0.87644	0.59329
2092	-0.88248	0.58418
2093	-0.88852	0.57507
2094	-0.89456	0.56596
2095	-0.9006	0.55685
2096	-0.90664	0.54774
2097	-0.91268	0.53863
2098	-0.91872	0.52952
2099	-0.92476	0.52041
2100	-0.9308	0.5113
2101	-0.9308	0.490848
2102	-0.9308	0.470396
2103	-0.9308	0.449944
2104	-0.9308	0.429492
2105	-0.9308	0.40904
2106	-0.9308	0.388588
2107	-0.9308	0.368136
2108	-0.9308	0.347684
2109	-0.9308	0.327232
2110	-0.9308	0.30678
2111	-0.9308	0.286328
2112	-0.9308	0.265876
2113	-0.9308	0.245424
2114	-0.9308	0.224972
2115	-0.9308	0.20452
2116	-0.9308	0.184068
2117	-0.9308	0.163616
2118	-0.9308	0.143164
2119	-0.9308	0.122712
2120	-0.9308	0.10226
2121	-0.9308	0.081808
2122	-0.9308	0.061356
2123	-0.9308	0.040904
2124	-0.9308	0.020452
2125	-0.9308	0
2126	-0.9308	0
2127	-0.9308	0
2128	-0.9308	0
2129	-0.9308	0
2130	-0.9308	0
2131	-0.9308	0
2132	-0.9308	0
2133	-0.9308	0
2134	-0.9308	0
2135	-0.9308	0
2136	-0.9308	0
2137	-0.9308	0
2138	-0.9308	0
2139	-0.9308	0
2140	-0.9308	0
2141	-0.9308	0
2142	-0.9308	0
2143	-0.9308	0
2144	-0.9308	0
2145	-0.9308	0
2146	-0.9308	0
2147	-0.9308	0
2148	-0.9308	0
2149	-0.9308	0
2150	-0.9308	0
2151	-0.9308	0
2152	-0.9308	0
2153	-0.9308	0
2154	-0.9308	0
2155	-0.9308	0
2156	-0.9308	0
2157	-0.9308	0
2158	-0.9308	0
2159	-0.9308	0
2160	-0.9308	0
2161	-0.9308	0
2162	-0.9308	0
2163	-0.9308	0
2164	-0.9308	0
2165	-0.9308	0
2166	-0.9308	0
2167	-0.9308	0
2168	-0.9308	0
2169	-0.9308	0
2170	-0.9308	0
2171	-0.9308	0
2172	-0.9308	0
2173	-0.9308	0
2174	-0.9308	0
2175	-0.9308	0
2176	-0.9308	0
2177	-0.9308	0
2178	-0.9308	0
2179	-0.9308	0
2180	-0.9308	0
2181	-0.9308	0
2182	-0.9308	0
2183	-0.9308	0
2184	-0.9308	0
2185	-0.9308	0
2186	-0.9308	0
2187	-0.9308	0
2188	-0.9308	0
2189	-0.9308	0
2190	-0.9308	0
2191	-0.9308	0
2192	-0.9308	0
2193	-0.9308	0
2194	-0.9308	0
2195	-0.9308	0
2196	-0.9308	0
2197	-0.9308	0
2198	-0.9308	0
2199	-0.9308	0
2200	-0.9308	0
2201	-0.9308	0
2202	-0.9308	0
2203	-0.9308	0
2204	-0.9308	0
2205	-0.9308	0
2206	-0.9308	0
2207	-0.9308	0
2208	-0.9308	0
2209	-0.9308	0
2210	-0.9308	0
2211	-0.9308	0
2212	-0.9308	0
2213	-0.9308	0
2214	-0.9308	0
2215	-0.9308	0
2216	-0.9308	0
2217	-0.9308	0
2218	-0.9308	0
2219	-0.9308	0
2220	-0.9308	0
2221	-0.9308	0
2222	-0.9308	0
2223	-0.9308	0
2224	-0.9308	0
2225	-0.9308	0
2226	-0.9308	0
2227	-0.9308	0
2228	-0.9308	0
2229	-0.9308	0
2230	-0.9308	0
2231	-0.9308	0
2232	-0.9308	0
2233	-0.9308	0
2234	-0.9308	0
2235	-0.9308	0
2236	-0.9308	0
2237	-0.9308	0
2238	-0.9308	0
2239	-0.9308	0
2240	-0.9308	0
2241	-0.9308	0
2242	-0.9308	0
2243	-0.9308	0
2244	-0.9308	0
2245	-0.9308	0
2246	-0.9308	0
2247	-0.9308	0
2248	-0.9308	0
2249	-0.9308	0
2250	-0.9308	0
2251	-0.9308	0
2252	-0.9308	0
2253	-0.9308	0
2254	-0.9308	0
2255	-0.9308	0
2256	-0.9308	0
2257	-0.9308	0
2258	-0.9308	0
2259	-0.9308	0
2260	-0.9308	0
2261	-0.9308	0
2262	-0.9308	0
2263	-0.9308	0
2264	-0.9308	0
2265	-0.9308	0
2266	-0.9308	0
2267	-0.9308	0
2268	-0.9308	0
2269	-0.9308	0
2270	-0.9308	0
2271	-0.9308	0
2272	-0.9308	0
2273	-0.9308	0
2274	-0.9308	0
2275	-0.9308	0
2276	-0.9308	0
2277	-0.9308	0
2278	-0.9308	0
2279	-0.9308	0
2280	-0.9308	0
2281	-0.9308	0
2282	-0.9308	0
2283	-0.9308	0
2284	-0.9308	0
2285	-0.9308	0
2286	-0.9308	0
2287	-0.9308	0
2288	-0.9308	0
2289	-0.9308	0
2290	-0.9308	0
2291	-0.9308	0
2292	-0.9308	0
2293	-0.9308	0
2294	-0.9308	0
2295	-0.9308	0
2296	-0.9308	0
2297	-0.9308	0
2298	-0.9308	0
2299	-0.9308	0
2300	-0.9308	0
2301	-0.9308	0
2302	-0.9308	0
2303	-0.9308	0
2304	-0.9308	0
2305	-0.9308	0
2306	-0.9308	0
2307	-0.9308	0
2308	-0.9308	0
2309	-0.9308	0
2310	-0.9308	0
2311	-0.9308	0
2312	-0.9308	0
2313	-0.9308	0
2314	-0.9308	0
2315	-0.9308	0
2316	-0.9308	0
2317	-0.9308	0
2318	-0.9308	0
2319	-0.9308	0
2320	-0.9308	0
2321	-0.9308	0
2322	-0.9308	0
2323	-0.9308	0
2324	-0.9308	0
2325	-0.9308	0
2326	-0.9308	0
2327	-0.9308	0
2328	-0.9308	0
2329	-0.9308	0
2330	-0.9308	0
2331	-0.9308	0
2332	-0.9308	0
2333	-0.9308	0
2334	-0.9308	0
2335	-0.9308	0
2336	-0.9308	0
2337	-0.9308	0
2338	-0.9308	0
2339	-0.9308	0
2340	-0.9308	0
2341	-0.9308	0
2342	-0.9308	0
2343	-0.9308	0
2344	-0.9308	0
2345	-0.9308	0
2346	-0.9308	0
2347	-0.9308	0
2348	-0.9308	0
2349	-0.9308	0
2350	-0.9308	0
2351	-0.9308	0
2352	-0.9308	0
2353	-0.9308	0
2354	-0.9308	0
2355	-0.9308	0
2356	-0.9308	0
2357	-0.9308	0
2358	-0.9308	0
2359	-0.9308	0
2360	-0.9308	0
2361	-0.9308	0
2362	-0.9308	0
2363	-0.9308	0
2364	-0.9308	0
2365	-0.9308	0
2366	-0.9308	0
2367	-0.9308	0
2368	-0.9308	0
2369	-0.9308	0
2370	-0.9308	0
2371	-0.9308	0
2372	-0.9308	0
2373	-0.9308	0
2374	-0.9308	0
2375	-0.9308	0
2376	-0.9308	0
2377	-0.9308	0
2378	-0.9308	0
2379	-0.9308	0
2380	-0.9308	0
2381	-0.9308	0
2382	-0.9308	0
2383	-0.9308	0
2384	-0.9308	0
2385	-0.9308	0
2386	-0.9308	0
2387	-0.9308	0
2388	-0.9308	0
2389	-0.9308	0
2390	-0.9308	0
2391	-0.9308	0
2392	-0.9308	0
2393	-0.9308	0
2394	-0.9308	0
2395	-0.9308	0
2396	-0.9308	0
2397	-0.9308	0
2398	-0.9308	0
2399	-0.9308	0
2400	-0.9308	0
2401	-0.9308	0
2402	-0.9308	0
2403	-0.9308	0
2404	-0.9308	0
2405	-0.9308	0
2406	-0.9308	0
2407	-0.9308	0
2408	-0.9308	0
2409	-0.9308	0
2410	-0.9308	0
2411	-0.9308	0
2412	-0.9308	0
2413	-0.9308	0
2414	-0.9308	0
2415	-0.9308	0
2416	-0.9308	0
2417	-0.9308	0
2418	-0.9308	0
2419	-0.9308	0
2420	-0.9308	0
2421	-0.9308	0
2422	-0.9308	0
2423	-0.9308	0
2424	-0.9308	0
2425	-0.9308	0
2426	-0.9308	0
2427	-0.9308	0
2428	-0.9308	0
2429	-0.9308	0
2430	-0.9308	0
2431	-0.9308	0
2432	-0.9308	0
2433	-0.9308	0
2434	-0.9308	0
2435	-0.9308	0
2436	-0.9308	0
2437	-0.9308	0
2438	-0.9308	0
2439	-0.9308	0
2440	-0.9308	0
2441	-0.9308	0
2442	-0.9308	0
2443	-0.9308	0
2444	-0.9308	0
2445	-0.9308	0
2446	-0.9308	0
2447	-0.9308	0
2448	-0.9308	0
2449	-0.9308	0
2450	-0.9308	0
2451	-0.9308	0
2452	-0.9308	0
2453	-0.9308	0
2454	-0.9308	0
2455	-0.9308	0
2456	-0.9308	0
2457	-0.9308	0
2458	-0.9308	0
2459	-0.9308	0
2460	-0.9308	0
2461	-0.9308	0
2462	-0.9308	0
2463	-0.9308	0
2464	-0.9308	0
2465	-0.9308	0
2466	-0.9308	0
2467	-0.9308	0
2468	-0.9308	0
2469	-0.9308	0
2470	-0.9308	0
2471	-0.9308	0
2472	-0.9308	0
2473	-0.9308	0
2474	-0.9308	0
2475	-0.9308	0
2476	-0.9308	0
2477	-0.9308	0
2478	-0.9308	0
2479	-0.9308	0
2480	-0.9308	0
2481	-0.9308	0
2482	-0.9308	0
2483	-0.9308	0
2484	-0.9308	0
2485	-0.9308	0
2486	-0.9308	0
2487	-0.9308	0
2488	-0.9308	0
2489	-0.9308	0
2490	-0.9308	0
2491	-0.9308	0
2492	-0.9308	0
2493	-0.9308	0
2494	-0.9308	0
2495	-0.9308	0
2496	-0.9308	0
2497	-0.9308	0
2498	-0.9308	0
2499	-0.9308	0
2500	-0.9308	0
