1765	0.003	0
1766	0.003	0.0053382963
1767	0.003	0.010676593
1768	0.003	0.016014889
1769	0.003	0.021353185
1770	0.003	0.026691482
1771	0.0039999999	0.032029778
1772	0.0039999999	0.037368074
1773	0.0039999999	0.042706371
1774	0.0039999999	0.048044667
1775	0.0039999999	0.053382963
1776	0.0039999999	0.058721259
1777	0.0039999999	0.064059556
1778	0.0039999999	0.069397852
1779	0.0039999999	0.074736148
1780	0.0039999999	0.080074445
1781	0.0049999999	0.085412741
1782	0.0049999999	0.090751037
1783	0.0049999999	0.096089334
1784	0.0049999999	0.10142763
1785	0.0049999999	0.10676593
1786	0.0049999999	0.11210422
1787	0.0049999999	0.11744252
1788	0.0049999999	0.12278082
1789	0.0049999999	0.12811911
1790	0.0049999999	0.13345741
1791	0.0059999999	0.1387957
1792	0.0059999999	0.144134
1793	0.0059999999	0.1494723
1794	0.0059999999	0.15481059
1795	0.0059999999	0.16014889
1796	0.0059999999	0.16548719
1797	0.0069999999	0.17082548
1798	0.0069999999	0.17616378
1799	0.0069999999	0.18150207
1800	0.0079999999	0.18684037
1801	0.0079999999	0.19217867
1802	0.0099999999	0.19751696
1803	0.0089999999	0.20285526
1804	0.0089999999	0.20819356
1805	0.0089999999	0.21353185
1806	0.0099999998	0.21887015
1807	0.0099999999	0.22420845
1808	0.0099999999	0.22954674
1809	0.0099999999	0.23488504
1810	0.0099999999	0.24022333
1811	0.011	0.24556163
1812	0.011	0.25089993
1813	0.011	0.25623822
1814	0.011	0.26157652
1815	0.012	0.26691482
1816	0.013	0.27225311
1817	0.014	0.27759141
1818	0.014	0.2829297
1819	0.014	0.288268
1820	0.014	0.2936063
1821	0.014	0.29894459
1822	0.015	0.30428289
1823	0.016	0.30962119
1824	0.016	0.31495948
1825	0.017	0.32029778
1826	0.017	0.32563608
1827	0.018	0.33097437
1828	0.018	0.33631267
1829	0.018	0.34165096
1830	0.024	0.34698926
1831	0.023	0.35232756
1832	0.023	0.35766585
1833	0.024	0.36300415
1834	0.024	0.36834245
1835	0.025	0.37368074
1836	0.029	0.37901904
1837	0.029	0.38435733
1838	0.03	0.38969563
1839	0.031	0.39503393
1840	0.032999999	0.40037222
1841	0.033999999	0.40571052
1842	0.035999999	0.41104882
1843	0.036999999	0.41638711
1844	0.038999999	0.42172541
1845	0.042999999	0.42706371
1846	0.042999999	0.432402
1847	0.045999999	0.4377403
1848	0.046999999	0.44307859
1849	0.049999999	0.44841689
1850	0.053999999	0.45375519
1851	0.053999999	0.44678569
1852	0.056999999	0.49862282
1853	0.058999999	0.49735449
1854	0.068999999	0.49581708
1855	0.070999999	0.49367925
1856	0.075999999	0.49893488
1857	0.076999999	0.504232
1858	0.077999999	0.50923298
1859	0.082999999	0.51425389
1860	0.090999999	0.51896689
1861	0.094999998	0.5282236
1862	0.096999998	0.47371663
1863	0.104	0.47374912
1864	0.112	0.47413825
1865	0.119	0.47479536
1866	0.122	0.47491218
1867	0.13022269	0.47338353
1868	0.13525196	0.47198274
1869	0.14228123	0.47048522
1870	0.14731051	0.46933399
1871	0.15633978	0.48732546
1872	0.17336905	0.56696435
1873	0.18439832	0.57690133
1874	0.1744276	0.58328394
1875	0.18845687	0.5899696
1876	0.19148614	0.59639187
1877	0.19451541	0.60262312
1878	0.196	0.6090507
1879	0.21	0.61534752
1880	0.236	0.62124317
1881	0.243	0.64887292
1882	0.256	0.60466403
1883	0.272	0.60851762
1884	0.275	0.61212775
1885	0.27699999	0.61523611
1886	0.28099999	0.61714413
1887	0.295	0.61616314
1888	0.32699999	0.61473356
1889	0.32699999	0.6132002
1890	0.35599999	0.61175412
1891	0.37199999	0.61024855
1892	0.37399999	0.62319119
1893	0.36999999	0.62440331
1894	0.38299999	0.64036719
1895	0.40599999	0.64441851
1896	0.41899999	0.6462784
1897	0.43999999	0.64956412
1898	0.46499999	0.65100098
1899	0.50699999	0.65220446
1900	0.53399999	0.65320628
1901	0.55199999	0.70294318
1902	0.56599999	0.70297364
1903	0.61699999	0.72667096
1904	0.62399999	0.74829324
1905	0.66299999	0.76981521
1906	0.70699999	0.79653384
1907	0.78399999	0.80376274
1908	0.74999999	0.81141278
1909	0.78499999	0.81737807
1910	0.81899999	0.82198169
1911	0.83599999	0.77889405
1912	0.87899999	0.74784844
1913	0.94299999	0.72297977
1914	0.84999999	0.71479152
1915	0.83799999	0.70574964
1916	0.90099999	0.70811648
1917	0.95499999	0.7111963
1918	0.93599999	0.71430427
1919	0.80599999	0.71965435
1920	0.93199999	0.72128338
1921	0.80299999	0.75741661
1922	0.84499999	0.7479409
1923	0.96999999	0.75328819
1924	0.96299999	0.75686059
1925	0.97499999	0.75808855
1926	0.98299999	0.76148327
1927	1.062	0.79718283
1928	1.065	0.79967141
1929	1.145	0.82422601
1930	1.053	0.89587975
1931	0.93999999	0.90334082
1932	0.84699999	0.81222597
1933	0.89299999	0.80858849
1934	0.97299999	0.79686256
1935	1.027	0.79471575
1936	1.13	0.80129993
1937	1.209	0.77969902
1938	1.142	0.78188222
1939	1.192	0.77944376
1940	1.299	0.76683237
1941	1.334	0.75036458
1942	1.342	0.7690497
1943	1.391	0.7637656
1944	1.383	0.76839864
1945	1.16	0.76914739
1946	1.238	0.84214892
1947	1.392	0.87017994
1948	1.469	0.87513044
1949	1.419	0.88212641
1950	1.63	0.89233465
1951	1.768	1.0885201
1952	1.796	1.1096378
1953	1.841	1.1045171
1954	1.865	1.1521416
1955	2.043	1.1911855
1956	2.178	1.2446883
1957	2.27	1.2718718
1958	2.33	1.3195817
1959	2.462	1.2035957
1960	2.577	1.1922833
1961	2.594	1.2443218
1962	2.7	1.2355717
1963	2.848	1.2442947
1964	3.008	1.2515879
1965	3.145	1.2642558
1966	3.305	1.2936968
1967	3.411	1.2976254
1968	3.588	1.2352028
1969	3.8	1.2383879
1970	4.076	1.1971129
1971	4.231	1.0708913
1972	4.399	1.0470621
1973	4.6349999	1.0330987
1974	4.644	1.0387371
1975	4.615	1.0315876
1976	4.883	1.0906077
1977	5.029	1.0939874
1978	5.105	1.09037
1979	5.387	1.0647127
1980	5.332	1.0252096
1981	5.168	1.0448621
1982	5.127	1.1904055
1983	5.11	1.2255201
1984	5.29	1.2600833
1985	5.444	1.2753449
1986	5.61	1.2872023
1987	5.753	1.2940086
1988	5.964	1.3167248
1989	6.089	1.3236436
1990	6.144	1.3194833
1991	6.235	1.3809799
1992	6.118	1.3035304
1993	6.124	1.2981006
1994	6.242	1.2895956
1995	6.372	1.2750104
1996	6.51	1.2511025
1997	6.619	1.2181397
1998	6.588	1.2148431
1999	6.569	1.1827892
2000	6.735	1.1488
2001	6.8959	1.132
2002	6.949	1.2317
2003	7.286	1.2257
2004	7.6719	1.2429
2005	7.971	1.1955
2006	8.0985	1.1385
2007	8.226	1.0815
2008	8.3531333	1.0245333
2009	8.4802667	0.96756667
2010	8.6074	0.9106
2011	8.73381	0.85362
2012	8.86022	0.79664
2013	8.98663	0.73966
2014	9.11304	0.68268
2015	9.23945	0.6257
2016	9.36586	0.56872
2017	9.49227	0.51174
2018	9.61868	0.45476
2019	9.74509	0.39778
2020	9.8715	0.3408
2021	9.97968	0.32835
2022	10.08786	0.3159
2023	10.19604	0.30345
2024	10.30422	0.291
2025	10.4124	0.27855
2026	10.52058	0.2661
2027	10.62876	0.25365
2028	10.73694	0.2412
2029	10.84512	0.22875
2030	10.9533	0.2163
2031	10.99177	0.21454
2032	11.03024	0.21278
2033	11.06871	0.21102
2034	11.10718	0.20926
2035	11.14565	0.2075
2036	11.18412	0.20574
2037	11.22259	0.20398
2038	11.26106	0.20222
2039	11.29953	0.20046
2040	11.338	0.1987
2041	11.30733	0.20369
2042	11.27666	0.20868
2043	11.24599	0.21367
2044	11.21532	0.21866
2045	11.18465	0.22365
2046	11.15398	0.22864
2047	11.12331	0.23363
2048	11.09264	0.23862
2049	11.06197	0.24361
2050	11.0313	0.2486
2051	10.86829	0.24215
2052	10.70528	0.2357
2053	10.54227	0.22925
2054	10.37926	0.2228
2055	10.21625	0.21635
2056	10.05324	0.2099
2057	9.89023	0.20345
2058	9.72722	0.197
2059	9.56421	0.19055
2060	9.4012	0.1841
2061	9.1729	0.17607
2062	8.9446	0.16804
2063	8.7163	0.16001
2064	8.488	0.15198
2065	8.2597	0.14395
2066	8.0314	0.13592
2067	7.8031	0.12789
2068	7.5748	0.11986
2069	7.3465	0.11183
2070	7.1182	0.1038
2071	6.82459	0.0942
2072	6.53098	0.0846
2073	6.23737	0.075
2074	5.94376	0.0654
2075	5.65015	0.0558
2076	5.35654	0.0462
2077	5.06293	0.0366
2078	4.76932	0.027
2079	4.47571	0.0174
2080	4.1821	0.0078
2081	4.18314	0.00973
2082	4.18418	0.01166
2083	4.18522	0.01359
2084	4.18626	0.01552
2085	4.1873	0.01745
2086	4.18834	0.01938
2087	4.18938	0.02131
2088	4.19042	0.02324
2089	4.19146	0.02517
2090	4.1925	0.0271
2091	4.19355	0.02902
2092	4.1946	0.03094
2093	4.19565	0.03286
2094	4.1967	0.03478
2095	4.19775	0.0367
2096	4.1988	0.03862
2097	4.19985	0.04054
2098	4.2009	0.04246
2099	4.20195	0.04438
2100	4.203	0.0463
2101	4.09086	0.04445
2102	3.97872	0.0426
2103	3.86658	0.04075
2104	3.75444	0.0389
2105	3.6423	0.03705
2106	3.53016	0.0352
2107	3.41802	0.03335
2108	3.30588	0.0315
2109	3.19374	0.02965
2110	3.0816	0.0278
2111	3.00189	0.02594
2112	2.92218	0.02408
2113	2.84247	0.02222
2114	2.76276	0.02036
2115	2.68305	0.0185
2116	2.60334	0.01664
2117	2.52363	0.01478
2118	2.44392	0.01292
2119	2.36421	0.01106
2120	2.2845	0.0092
2121	2.25245	0.00828
2122	2.2204	0.00736
2123	2.18835	0.00644
2124	2.1563	0.00552
2125	2.12425	0.0046
2126	2.0922	0.00368
2127	2.06015	0.00276
2128	2.0281	0.00184
2129	1.99605	0.00092
2130	1.964	0
2131	1.93853	0
2132	1.91306	0
2133	1.88759	0
2134	1.86212	0
2135	1.83665	0
2136	1.81118	0
2137	1.78571	0
2138	1.76024	0
2139	1.73477	0
2140	1.7093	0
2141	1.6831375	0
2142	1.656975	0
2143	1.6308125	0
2144	1.60465	0
2145	1.5784875	0
2146	1.552325	0
2147	1.5261625	0
2148	1.5	0
2149	1.5354	0
2150	1.5468	0
2151	1.5531	0
2152	1.5547	0
2153	1.5527	0
2154	1.5482	0
2155	1.5419	0
2156	1.5324	0
2157	1.5229	0
2158	1.5134	0
2159	1.5039	0
2160	1.4944	0
2161	1.48311	0
2162	1.47182	0
2163	1.46053	0
2164	1.44924	0
2165	1.43795	0
2166	1.42666	0
2167	1.41537	0
2168	1.40408	0
2169	1.39279	0
2170	1.3815	0
2171	1.3712	0
2172	1.3609	0
2173	1.3506	0
2174	1.3403	0
2175	1.33	0
2176	1.3197	0
2177	1.3094	0
2178	1.2991	0
2179	1.2888	0
2180	1.2785	0
2181	1.26966	0
2182	1.26082	0
2183	1.25198	0
2184	1.24314	0
2185	1.2343	0
2186	1.22546	0
2187	1.21662	0
2188	1.20778	0
2189	1.19894	0
2190	1.1901	0
2191	1.18257	0
2192	1.17504	0
2193	1.16751	0
2194	1.15998	0
2195	1.15245	0
2196	1.14492	0
2197	1.13739	0
2198	1.12986	0
2199	1.12233	0
2200	1.1148	0
2201	1.10836	0
2202	1.10192	0
2203	1.09548	0
2204	1.08904	0
2205	1.0826	0
2206	1.07616	0
2207	1.06972	0
2208	1.06328	0
2209	1.05684	0
2210	1.0504	0
2211	1.04486	0
2212	1.03932	0
2213	1.03378	0
2214	1.02824	0
2215	1.0227	0
2216	1.01716	0
2217	1.01162	0
2218	1.00608	0
2219	1.00054	0
2220	0.995	0
2221	0.99023	0
2222	0.98546	0
2223	0.98069	0
2224	0.97592	0
2225	0.97115	0
2226	0.96638	0
2227	0.96161	0
2228	0.95684	0
2229	0.95207	0
2230	0.9473	0
2231	0.94314	0
2232	0.93898	0
2233	0.93482	0
2234	0.93066	0
2235	0.9265	0
2236	0.92234	0
2237	0.91818	0
2238	0.91402	0
2239	0.90986	0
2240	0.9057	0
2241	0.90206	0
2242	0.89842	0
2243	0.89478	0
2244	0.89114	0
2245	0.8875	0
2246	0.88386	0
2247	0.88022	0
2248	0.87658	0
2249	0.87294	0
2250	0.8693	0
2251	0.8661	0
2252	0.8629	0
2253	0.8597	0
2254	0.8565	0
2255	0.8533	0
2256	0.8501	0
2257	0.8469	0
2258	0.8437	0
2259	0.8405	0
2260	0.8373	0
2261	0.83445	0
2262	0.8316	0
2263	0.82875	0
2264	0.8259	0
2265	0.82305	0
2266	0.8202	0
2267	0.81735	0
2268	0.8145	0
2269	0.81165	0
2270	0.8088	0
2271	0.80629	0
2272	0.80378	0
2273	0.80127	0
2274	0.79876	0
2275	0.79625	0
2276	0.79374	0
2277	0.79123	0
2278	0.78872	0
2279	0.78621	0
2280	0.7837	0
2281	0.78142	0
2282	0.77914	0
2283	0.77686	0
2284	0.77458	0
2285	0.7723	0
2286	0.77002	0
2287	0.76774	0
2288	0.76546	0
2289	0.76318	0
2290	0.7609	0
2291	0.75884	0
2292	0.75678	0
2293	0.75472	0
2294	0.75266	0
2295	0.7506	0
2296	0.74854	0
2297	0.74648	0
2298	0.74442	0
2299	0.74236	0
2300	0.7403	0
2301	0.738714	0
2302	0.737128	0
2303	0.735542	0
2304	0.733956	0
2305	0.73237	0
2306	0.730784	0
2307	0.729198	0
2308	0.727612	0
2309	0.726026	0
2310	0.72444	0
2311	0.722854	0
2312	0.721268	0
2313	0.719682	0
2314	0.718096	0
2315	0.71651	0
2316	0.714924	0
2317	0.713338	0
2318	0.711752	0
2319	0.710166	0
2320	0.70858	0
2321	0.706994	0
2322	0.705408	0
2323	0.703822	0
2324	0.702236	0
2325	0.70065	0
2326	0.699064	0
2327	0.697478	0
2328	0.695892	0
2329	0.694306	0
2330	0.69272	0
2331	0.691134	0
2332	0.689548	0
2333	0.687962	0
2334	0.686376	0
2335	0.68479	0
2336	0.683204	0
2337	0.681618	0
2338	0.680032	0
2339	0.678446	0
2340	0.67686	0
2341	0.675274	0
2342	0.673688	0
2343	0.672102	0
2344	0.670516	0
2345	0.66893	0
2346	0.667344	0
2347	0.665758	0
2348	0.664172	0
2349	0.662586	0
2350	0.661	0
2351	0.659886	0
2352	0.658772	0
2353	0.657658	0
2354	0.656544	0
2355	0.65543	0
2356	0.654316	0
2357	0.653202	0
2358	0.652088	0
2359	0.650974	0
2360	0.64986	0
2361	0.648746	0
2362	0.647632	0
2363	0.646518	0
2364	0.645404	0
2365	0.64429	0
2366	0.643176	0
2367	0.642062	0
2368	0.640948	0
2369	0.639834	0
2370	0.63872	0
2371	0.637606	0
2372	0.636492	0
2373	0.635378	0
2374	0.634264	0
2375	0.63315	0
2376	0.632036	0
2377	0.630922	0
2378	0.629808	0
2379	0.628694	0
2380	0.62758	0
2381	0.626466	0
2382	0.625352	0
2383	0.624238	0
2384	0.623124	0
2385	0.62201	0
2386	0.620896	0
2387	0.619782	0
2388	0.618668	0
2389	0.617554	0
2390	0.61644	0
2391	0.615326	0
2392	0.614212	0
2393	0.613098	0
2394	0.611984	0
2395	0.61087	0
2396	0.609756	0
2397	0.608642	0
2398	0.607528	0
2399	0.606414	0
2400	0.6053	0
2401	0.604434	0
2402	0.603568	0
2403	0.602702	0
2404	0.601836	0
2405	0.60097	0
2406	0.600104	0
2407	0.599238	0
2408	0.598372	0
2409	0.597506	0
2410	0.59664	0
2411	0.595774	0
2412	0.594908	0
2413	0.594042	0
2414	0.593176	0
2415	0.59231	0
2416	0.591444	0
2417	0.590578	0
2418	0.589712	0
2419	0.588846	0
2420	0.58798	0
2421	0.587114	0
2422	0.586248	0
2423	0.585382	0
2424	0.584516	0
2425	0.58365	0
2426	0.582784	0
2427	0.581918	0
2428	0.581052	0
2429	0.580186	0
2430	0.57932	0
2431	0.578454	0
2432	0.577588	0
2433	0.576722	0
2434	0.575856	0
2435	0.57499	0
2436	0.574124	0
2437	0.573258	0
2438	0.572392	0
2439	0.571526	0
2440	0.57066	0
2441	0.569794	0
2442	0.568928	0
2443	0.568062	0
2444	0.567196	0
2445	0.56633	0
2446	0.565464	0
2447	0.564598	0
2448	0.563732	0
2449	0.562866	0
2450	0.562	0
2451	0.56425	0
2452	0.5665	0
2453	0.56875	0
2454	0.571	0
2455	0.57325	0
2456	0.5755	0
2457	0.57775	0
2458	0.58	0
2459	0.58225	0
2460	0.5845	0
2461	0.58675	0
2462	0.589	0
2463	0.59125	0
2464	0.5935	0
2465	0.59575	0
2466	0.598	0
2467	0.60025	0
2468	0.6025	0
2469	0.60475	0
2470	0.607	0
2471	0.60925	0
2472	0.6115	0
2473	0.61375	0
2474	0.616	0
2475	0.61825	0
2476	0.6205	0
2477	0.62275	0
2478	0.625	0
2479	0.62725	0
2480	0.6295	0
2481	0.63175	0
2482	0.634	0
2483	0.63625	0
2484	0.6385	0
2485	0.64075	0
2486	0.643	0
2487	0.64525	0
2488	0.6475	0
2489	0.64975	0
2490	0.652	0
2491	0.65425	0
2492	0.6565	0
2493	0.65875	0
2494	0.661	0
2495	0.66325	0
2496	0.6655	0
2497	0.66775	0
2498	0.67	0
2499	0.67225	0
2500	0.6745	0
