1765	0.003	0
1766	0.003	0.0053382963
1767	0.003	0.010676593
1768	0.003	0.016014889
1769	0.003	0.021353185
1770	0.003	0.026691482
1771	0.0039999999	0.032029778
1772	0.0039999999	0.037368074
1773	0.0039999999	0.042706371
1774	0.0039999999	0.048044667
1775	0.0039999999	0.053382963
1776	0.0039999999	0.058721259
1777	0.0039999999	0.064059556
1778	0.0039999999	0.069397852
1779	0.0039999999	0.074736148
1780	0.0039999999	0.080074445
1781	0.0049999999	0.085412741
1782	0.0049999999	0.090751037
1783	0.0049999999	0.096089334
1784	0.0049999999	0.10142763
1785	0.0049999999	0.10676593
1786	0.0049999999	0.11210422
1787	0.0049999999	0.11744252
1788	0.0049999999	0.12278082
1789	0.0049999999	0.12811911
1790	0.0049999999	0.13345741
1791	0.0059999999	0.1387957
1792	0.0059999999	0.144134
1793	0.0059999999	0.1494723
1794	0.0059999999	0.15481059
1795	0.0059999999	0.16014889
1796	0.0059999999	0.16548719
1797	0.0069999999	0.17082548
1798	0.0069999999	0.17616378
1799	0.0069999999	0.18150207
1800	0.0079999999	0.18684037
1801	0.0079999999	0.19217867
1802	0.0099999999	0.19751696
1803	0.0089999999	0.20285526
1804	0.0089999999	0.20819356
1805	0.0089999999	0.21353185
1806	0.0099999998	0.21887015
1807	0.0099999999	0.22420845
1808	0.0099999999	0.22954674
1809	0.0099999999	0.23488504
1810	0.0099999999	0.24022333
1811	0.011	0.24556163
1812	0.011	0.25089993
1813	0.011	0.25623822
1814	0.011	0.26157652
1815	0.012	0.26691482
1816	0.013	0.27225311
1817	0.014	0.27759141
1818	0.014	0.2829297
1819	0.014	0.288268
1820	0.014	0.2936063
1821	0.014	0.29894459
1822	0.015	0.30428289
1823	0.016	0.30962119
1824	0.016	0.31495948
1825	0.017	0.32029778
1826	0.017	0.32563608
1827	0.018	0.33097437
1828	0.018	0.33631267
1829	0.018	0.34165096
1830	0.024	0.34698926
1831	0.023	0.35232756
1832	0.023	0.35766585
1833	0.024	0.36300415
1834	0.024	0.36834245
1835	0.025	0.37368074
1836	0.029	0.37901904
1837	0.029	0.38435733
1838	0.03	0.38969563
1839	0.031	0.39503393
1840	0.032999999	0.40037222
1841	0.033999999	0.40571052
1842	0.035999999	0.41104882
1843	0.036999999	0.41638711
1844	0.038999999	0.42172541
1845	0.042999999	0.42706371
1846	0.042999999	0.432402
1847	0.045999999	0.4377403
1848	0.046999999	0.44307859
1849	0.049999999	0.44841689
1850	0.053999999	0.45375519
1851	0.053999999	0.44678569
1852	0.056999999	0.49862282
1853	0.058999999	0.49735449
1854	0.068999999	0.49581708
1855	0.070999999	0.49367925
1856	0.075999999	0.49893488
1857	0.076999999	0.504232
1858	0.077999999	0.50923298
1859	0.082999999	0.51425389
1860	0.090999999	0.51896689
1861	0.094999998	0.5282236
1862	0.096999998	0.47371663
1863	0.104	0.47374912
1864	0.112	0.47413825
1865	0.119	0.47479536
1866	0.122	0.47491218
1867	0.13022269	0.47338353
1868	0.13525196	0.47198274
1869	0.14228123	0.47048522
1870	0.14731051	0.46933399
1871	0.15633978	0.48732546
1872	0.17336905	0.56696435
1873	0.18439832	0.57690133
1874	0.1744276	0.58328394
1875	0.18845687	0.5899696
1876	0.19148614	0.59639187
1877	0.19451541	0.60262312
1878	0.196	0.6090507
1879	0.21	0.61534752
1880	0.236	0.62124317
1881	0.243	0.64887292
1882	0.256	0.60466403
1883	0.272	0.60851762
1884	0.275	0.61212775
1885	0.27699999	0.61523611
1886	0.28099999	0.61714413
1887	0.295	0.61616314
1888	0.32699999	0.61473356
1889	0.32699999	0.6132002
1890	0.35599999	0.61175412
1891	0.37199999	0.61024855
1892	0.37399999	0.62319119
1893	0.36999999	0.62440331
1894	0.38299999	0.64036719
1895	0.40599999	0.64441851
1896	0.41899999	0.6462784
1897	0.43999999	0.64956412
1898	0.46499999	0.65100098
1899	0.50699999	0.65220446
1900	0.53399999	0.65320628
1901	0.55199999	0.70294318
1902	0.56599999	0.70297364
1903	0.61699999	0.72667096
1904	0.62399999	0.74829324
1905	0.66299999	0.76981521
1906	0.70699999	0.79653384
1907	0.78399999	0.80376274
1908	0.74999999	0.81141278
1909	0.78499999	0.81737807
1910	0.81899999	0.82198169
1911	0.83599999	0.77889405
1912	0.87899999	0.74784844
1913	0.94299999	0.72297977
1914	0.84999999	0.71479152
1915	0.83799999	0.70574964
1916	0.90099999	0.70811648
1917	0.95499999	0.7111963
1918	0.93599999	0.71430427
1919	0.80599999	0.71965435
1920	0.93199999	0.72128338
1921	0.80299999	0.75741661
1922	0.84499999	0.7479409
1923	0.96999999	0.75328819
1924	0.96299999	0.75686059
1925	0.97499999	0.75808855
1926	0.98299999	0.76148327
1927	1.062	0.79718283
1928	1.065	0.79967141
1929	1.145	0.82422601
1930	1.053	0.89587975
1931	0.93999999	0.90334082
1932	0.84699999	0.81222597
1933	0.89299999	0.80858849
1934	0.97299999	0.79686256
1935	1.027	0.79471575
1936	1.13	0.80129993
1937	1.209	0.77969902
1938	1.142	0.78188222
1939	1.192	0.77944376
1940	1.299	0.76683237
1941	1.334	0.75036458
1942	1.342	0.7690497
1943	1.391	0.7637656
1944	1.383	0.76839864
1945	1.16	0.76914739
1946	1.238	0.84214892
1947	1.392	0.87017994
1948	1.469	0.87513044
1949	1.419	0.88212641
1950	1.63	0.89233465
1951	1.768	1.0885201
1952	1.796	1.1096378
1953	1.841	1.1045171
1954	1.865	1.1521416
1955	2.043	1.1911855
1956	2.178	1.2446883
1957	2.27	1.2718718
1958	2.33	1.3195817
1959	2.462	1.2035957
1960	2.577	1.1922833
1961	2.594	1.2443218
1962	2.7	1.2355717
1963	2.848	1.2442947
1964	3.008	1.2515879
1965	3.145	1.2642558
1966	3.305	1.2936968
1967	3.411	1.2976254
1968	3.588	1.2352028
1969	3.8	1.2383879
1970	4.076	1.1971129
1971	4.231	1.0708913
1972	4.399	1.0470621
1973	4.6349999	1.0330987
1974	4.644	1.0387371
1975	4.615	1.0315876
1976	4.883	1.0906077
1977	5.029	1.0939874
1978	5.105	1.09037
1979	5.387	1.0647127
1980	5.332	1.0252096
1981	5.168	1.0448621
1982	5.127	1.1904055
1983	5.11	1.2255201
1984	5.29	1.2600833
1985	5.444	1.2753449
1986	5.61	1.2872023
1987	5.753	1.2940086
1988	5.964	1.3167248
1989	6.089	1.3236436
1990	6.144	1.3194833
1991	6.235	1.3809799
1992	6.118	1.3035304
1993	6.124	1.2981006
1994	6.242	1.2895956
1995	6.372	1.2750104
1996	6.51	1.2511025
1997	6.619	1.2181397
1998	6.588	1.2148431
1999	6.569	1.1827892
2000	6.735	1.1488
2001	6.8959	1.132
2002	6.949	1.2317
2003	7.286	1.2257
2004	7.6719	1.2429
2005	7.971	1.1955
2006	8.081	1.1319
2007	8.1899	1.0683
2008	8.2971667	1.0046667
2009	8.4044333	0.94103333
2010	8.5117	0.8774
2011	8.55557	0.83029
2012	8.59944	0.78318
2013	8.64331	0.73607
2014	8.68718	0.68896
2015	8.73105	0.64185
2016	8.77492	0.59474
2017	8.81879	0.54763
2018	8.86266	0.50052
2019	8.90653	0.45341
2020	8.9504	0.4063
2021	9.05487	0.30994
2022	9.15934	0.21358
2023	9.26381	0.11722
2024	9.36828	0.02086
2025	9.47275	-0.0755
2026	9.57722	-0.17186
2027	9.68169	-0.26822
2028	9.78616	-0.36458
2029	9.89063	-0.46094
2030	9.9951	-0.5573
2031	10.15102	-0.57298
2032	10.30694	-0.58866
2033	10.46286	-0.60434
2034	10.61878	-0.62002
2035	10.7747	-0.6357
2036	10.93062	-0.65138
2037	11.08654	-0.66706
2038	11.24246	-0.68274
2039	11.39838	-0.69842
2040	11.5543	-0.7141
2041	11.70325	-0.68907
2042	11.8522	-0.66404
2043	12.00115	-0.63901
2044	12.1501	-0.61398
2045	12.29905	-0.58895
2046	12.448	-0.56392
2047	12.59695	-0.53889
2048	12.7459	-0.51386
2049	12.89485	-0.48883
2050	13.0438	-0.4638
2051	13.22186	-0.44326
2052	13.39992	-0.42272
2053	13.57798	-0.40218
2054	13.75604	-0.38164
2055	13.9341	-0.3611
2056	14.11216	-0.34056
2057	14.29022	-0.32002
2058	14.46828	-0.29948
2059	14.64634	-0.27894
2060	14.8244	-0.2584
2061	14.99256	-0.23549
2062	15.16072	-0.21258
2063	15.32888	-0.18967
2064	15.49704	-0.16676
2065	15.6652	-0.14385
2066	15.83336	-0.12094
2067	16.00152	-0.09803
2068	16.16968	-0.07512
2069	16.33784	-0.05221
2070	16.506	-0.0293
2071	16.58346	-0.00196
2072	16.66092	0.02538
2073	16.73838	0.05272
2074	16.81584	0.08006
2075	16.8933	0.1074
2076	16.97076	0.13474
2077	17.04822	0.16208
2078	17.12568	0.18942
2079	17.20314	0.21676
2080	17.2806	0.2441
2081	16.98385	0.24394
2082	16.6871	0.24378
2083	16.39035	0.24362
2084	16.0936	0.24346
2085	15.79685	0.2433
2086	15.5001	0.24314
2087	15.20335	0.24298
2088	14.9066	0.24282
2089	14.60985	0.24266
2090	14.3131	0.2425
2091	14.25712	0.23639
2092	14.20114	0.23028
2093	14.14516	0.22417
2094	14.08918	0.21806
2095	14.0332	0.21195
2096	13.97722	0.20584
2097	13.92124	0.19973
2098	13.86526	0.19362
2099	13.80928	0.18751
2100	13.7533	0.1814
2101	13.548236	0.174144
2102	13.343172	0.166888
2103	13.138108	0.159632
2104	12.933044	0.152376
2105	12.72798	0.14512
2106	12.522916	0.137864
2107	12.317852	0.130608
2108	12.112788	0.123352
2109	11.907724	0.116096
2110	11.70266	0.10884
2111	11.497596	0.101584
2112	11.292532	0.094328
2113	11.087468	0.087072
2114	10.882404	0.079816
2115	10.67734	0.07256
2116	10.472276	0.065304
2117	10.267212	0.058048
2118	10.062148	0.050792
2119	9.857084	0.043536
2120	9.65202	0.03628
2121	9.446956	0.029024
2122	9.241892	0.021768
2123	9.036828	0.014512
2124	8.831764	0.007256
2125	8.6267	0
2126	8.4216348	0
2127	8.2165696	0
2128	8.0115043	0
2129	7.8064391	0
2130	7.6013739	0
2131	7.3963087	0
2132	7.1912435	0
2133	6.9861783	0
2134	6.781113	0
2135	6.5760478	0
2136	6.3709826	0
2137	6.1659174	0
2138	5.9608522	0
2139	5.755787	0
2140	5.5507217	0
2141	5.3456565	0
2142	5.1405913	0
2143	4.9355261	0
2144	4.7304609	0
2145	4.5253957	0
2146	4.3203304	0
2147	4.1152652	0
2148	3.9102	0
2149	3.5678	0
2150	3.5062	0
2151	3.4375	0
2152	3.3717	0
2153	3.3114	0
2154	3.2545	0
2155	3.2005	0
2156	3.15264	0
2157	3.10478	0
2158	3.05692	0
2159	3.00906	0
2160	2.9612	0
2161	2.92104	0
2162	2.88088	0
2163	2.84072	0
2164	2.80056	0
2165	2.7604	0
2166	2.7258	0
2167	2.6912	0
2168	2.6566	0
2169	2.622	0
2170	2.5874	0
2171	2.55704	0
2172	2.52668	0
2173	2.49632	0
2174	2.46596	0
2175	2.4356	0
2176	2.40884	0
2177	2.38208	0
2178	2.35532	0
2179	2.32856	0
2180	2.3018	0
2181	2.27802	0
2182	2.25424	0
2183	2.23046	0
2184	2.20668	0
2185	2.1829	0
2186	2.1617	0
2187	2.1405	0
2188	2.1193	0
2189	2.0981	0
2190	2.0769	0
2191	2.05792	0
2192	2.03894	0
2193	2.01996	0
2194	2.00098	0
2195	1.982	0
2196	1.96498	0
2197	1.94796	0
2198	1.93094	0
2199	1.91392	0
2200	1.8969	0
2201	1.88235	0
2202	1.8678	0
2203	1.85325	0
2204	1.8387	0
2205	1.82415	0
2206	1.8096	0
2207	1.79505	0
2208	1.7805	0
2209	1.76595	0
2210	1.7514	0
2211	1.73953	0
2212	1.72766	0
2213	1.71579	0
2214	1.70392	0
2215	1.69205	0
2216	1.68018	0
2217	1.66831	0
2218	1.65644	0
2219	1.64457	0
2220	1.6327	0
2221	1.62294	0
2222	1.61318	0
2223	1.60342	0
2224	1.59366	0
2225	1.5839	0
2226	1.57414	0
2227	1.56438	0
2228	1.55462	0
2229	1.54486	0
2230	1.5351	0
2231	1.52697	0
2232	1.51884	0
2233	1.51071	0
2234	1.50258	0
2235	1.49445	0
2236	1.48632	0
2237	1.47819	0
2238	1.47006	0
2239	1.46193	0
2240	1.4538	0
2241	1.44702	0
2242	1.44024	0
2243	1.43346	0
2244	1.42668	0
2245	1.4199	0
2246	1.41312	0
2247	1.40634	0
2248	1.39956	0
2249	1.39278	0
2250	1.386	0
2251	1.380872	0
2252	1.375744	0
2253	1.370616	0
2254	1.365488	0
2255	1.36036	0
2256	1.355232	0
2257	1.350104	0
2258	1.344976	0
2259	1.339848	0
2260	1.33472	0
2261	1.329592	0
2262	1.324464	0
2263	1.319336	0
2264	1.314208	0
2265	1.30908	0
2266	1.303952	0
2267	1.298824	0
2268	1.293696	0
2269	1.288568	0
2270	1.28344	0
2271	1.278312	0
2272	1.273184	0
2273	1.268056	0
2274	1.262928	0
2275	1.2578	0
2276	1.254232	0
2277	1.250664	0
2278	1.247096	0
2279	1.243528	0
2280	1.23996	0
2281	1.236392	0
2282	1.232824	0
2283	1.229256	0
2284	1.225688	0
2285	1.22212	0
2286	1.218552	0
2287	1.214984	0
2288	1.211416	0
2289	1.207848	0
2290	1.20428	0
2291	1.200712	0
2292	1.197144	0
2293	1.193576	0
2294	1.190008	0
2295	1.18644	0
2296	1.182872	0
2297	1.179304	0
2298	1.175736	0
2299	1.172168	0
2300	1.1686	0
2301	1.165964	0
2302	1.163328	0
2303	1.160692	0
2304	1.158056	0
2305	1.15542	0
2306	1.152784	0
2307	1.150148	0
2308	1.147512	0
2309	1.144876	0
2310	1.14224	0
2311	1.139604	0
2312	1.136968	0
2313	1.134332	0
2314	1.131696	0
2315	1.12906	0
2316	1.126424	0
2317	1.123788	0
2318	1.121152	0
2319	1.118516	0
2320	1.11588	0
2321	1.113244	0
2322	1.110608	0
2323	1.107972	0
2324	1.105336	0
2325	1.1027	0
2326	1.100632	0
2327	1.098564	0
2328	1.096496	0
2329	1.094428	0
2330	1.09236	0
2331	1.090292	0
2332	1.088224	0
2333	1.086156	0
2334	1.084088	0
2335	1.08202	0
2336	1.079952	0
2337	1.077884	0
2338	1.075816	0
2339	1.073748	0
2340	1.07168	0
2341	1.069612	0
2342	1.067544	0
2343	1.065476	0
2344	1.063408	0
2345	1.06134	0
2346	1.059272	0
2347	1.057204	0
2348	1.055136	0
2349	1.053068	0
2350	1.051	0
2351	1.049292	0
2352	1.047584	0
2353	1.045876	0
2354	1.044168	0
2355	1.04246	0
2356	1.040752	0
2357	1.039044	0
2358	1.037336	0
2359	1.035628	0
2360	1.03392	0
2361	1.032212	0
2362	1.030504	0
2363	1.028796	0
2364	1.027088	0
2365	1.02538	0
2366	1.023672	0
2367	1.021964	0
2368	1.020256	0
2369	1.018548	0
2370	1.01684	0
2371	1.015132	0
2372	1.013424	0
2373	1.011716	0
2374	1.010008	0
2375	1.0083	0
2376	1.006816	0
2377	1.005332	0
2378	1.003848	0
2379	1.002364	0
2380	1.00088	0
2381	0.999396	0
2382	0.997912	0
2383	0.996428	0
2384	0.994944	0
2385	0.99346	0
2386	0.991976	0
2387	0.990492	0
2388	0.989008	0
2389	0.987524	0
2390	0.98604	0
2391	0.984556	0
2392	0.983072	0
2393	0.981588	0
2394	0.980104	0
2395	0.97862	0
2396	0.977136	0
2397	0.975652	0
2398	0.974168	0
2399	0.972684	0
2400	0.9712	0
2401	0.969888	0
2402	0.968576	0
2403	0.967264	0
2404	0.965952	0
2405	0.96464	0
2406	0.963328	0
2407	0.962016	0
2408	0.960704	0
2409	0.959392	0
2410	0.95808	0
2411	0.956768	0
2412	0.955456	0
2413	0.954144	0
2414	0.952832	0
2415	0.95152	0
2416	0.950208	0
2417	0.948896	0
2418	0.947584	0
2419	0.946272	0
2420	0.94496	0
2421	0.943648	0
2422	0.942336	0
2423	0.941024	0
2424	0.939712	0
2425	0.9384	0
2426	0.937196	0
2427	0.935992	0
2428	0.934788	0
2429	0.933584	0
2430	0.93238	0
2431	0.931176	0
2432	0.929972	0
2433	0.928768	0
2434	0.927564	0
2435	0.92636	0
2436	0.925156	0
2437	0.923952	0
2438	0.922748	0
2439	0.921544	0
2440	0.92034	0
2441	0.919136	0
2442	0.917932	0
2443	0.916728	0
2444	0.915524	0
2445	0.91432	0
2446	0.913116	0
2447	0.911912	0
2448	0.910708	0
2449	0.909504	0
2450	0.9083	0
2451	0.907176	0
2452	0.906052	0
2453	0.904928	0
2454	0.903804	0
2455	0.90268	0
2456	0.901556	0
2457	0.900432	0
2458	0.899308	0
2459	0.898184	0
2460	0.89706	0
2461	0.895936	0
2462	0.894812	0
2463	0.893688	0
2464	0.892564	0
2465	0.89144	0
2466	0.890316	0
2467	0.889192	0
2468	0.888068	0
2469	0.886944	0
2470	0.88582	0
2471	0.884696	0
2472	0.883572	0
2473	0.882448	0
2474	0.881324	0
2475	0.8802	0
2476	0.879152	0
2477	0.878104	0
2478	0.877056	0
2479	0.876008	0
2480	0.87496	0
2481	0.873912	0
2482	0.872864	0
2483	0.871816	0
2484	0.870768	0
2485	0.86972	0
2486	0.868672	0
2487	0.867624	0
2488	0.866576	0
2489	0.865528	0
2490	0.86448	0
2491	0.863432	0
2492	0.862384	0
2493	0.861336	0
2494	0.860288	0
2495	0.85924	0
2496	0.858192	0
2497	0.857144	0
2498	0.856096	0
2499	0.855048	0
2500	0.854	0
