1765	0.003	0
1766	0.003	0.0053382963
1767	0.003	0.010676593
1768	0.003	0.016014889
1769	0.003	0.021353185
1770	0.003	0.026691482
1771	0.0039999999	0.032029778
1772	0.0039999999	0.037368074
1773	0.0039999999	0.042706371
1774	0.0039999999	0.048044667
1775	0.0039999999	0.053382963
1776	0.0039999999	0.058721259
1777	0.0039999999	0.064059556
1778	0.0039999999	0.069397852
1779	0.0039999999	0.074736148
1780	0.0039999999	0.080074445
1781	0.0049999999	0.085412741
1782	0.0049999999	0.090751037
1783	0.0049999999	0.096089334
1784	0.0049999999	0.10142763
1785	0.0049999999	0.10676593
1786	0.0049999999	0.11210422
1787	0.0049999999	0.11744252
1788	0.0049999999	0.12278082
1789	0.0049999999	0.12811911
1790	0.0049999999	0.13345741
1791	0.0059999999	0.1387957
1792	0.0059999999	0.144134
1793	0.0059999999	0.1494723
1794	0.0059999999	0.15481059
1795	0.0059999999	0.16014889
1796	0.0059999999	0.16548719
1797	0.0069999999	0.17082548
1798	0.0069999999	0.17616378
1799	0.0069999999	0.18150207
1800	0.0079999999	0.18684037
1801	0.0079999999	0.19217867
1802	0.0099999999	0.19751696
1803	0.0089999999	0.20285526
1804	0.0089999999	0.20819356
1805	0.0089999999	0.21353185
1806	0.0099999998	0.21887015
1807	0.0099999999	0.22420845
1808	0.0099999999	0.22954674
1809	0.0099999999	0.23488504
1810	0.0099999999	0.24022333
1811	0.011	0.24556163
1812	0.011	0.25089993
1813	0.011	0.25623822
1814	0.011	0.26157652
1815	0.012	0.26691482
1816	0.013	0.27225311
1817	0.014	0.27759141
1818	0.014	0.2829297
1819	0.014	0.288268
1820	0.014	0.2936063
1821	0.014	0.29894459
1822	0.015	0.30428289
1823	0.016	0.30962119
1824	0.016	0.31495948
1825	0.017	0.32029778
1826	0.017	0.32563608
1827	0.018	0.33097437
1828	0.018	0.33631267
1829	0.018	0.34165096
1830	0.024	0.34698926
1831	0.023	0.35232756
1832	0.023	0.35766585
1833	0.024	0.36300415
1834	0.024	0.36834245
1835	0.025	0.37368074
1836	0.029	0.37901904
1837	0.029	0.38435733
1838	0.03	0.38969563
1839	0.031	0.39503393
1840	0.032999999	0.40037222
1841	0.033999999	0.40571052
1842	0.035999999	0.41104882
1843	0.036999999	0.41638711
1844	0.038999999	0.42172541
1845	0.042999999	0.42706371
1846	0.042999999	0.432402
1847	0.045999999	0.4377403
1848	0.046999999	0.44307859
1849	0.049999999	0.44841689
1850	0.053999999	0.45375519
1851	0.053999999	0.44678569
1852	0.056999999	0.49862282
1853	0.058999999	0.49735449
1854	0.068999999	0.49581708
1855	0.070999999	0.49367925
1856	0.075999999	0.49893488
1857	0.076999999	0.504232
1858	0.077999999	0.50923298
1859	0.082999999	0.51425389
1860	0.090999999	0.51896689
1861	0.094999998	0.5282236
1862	0.096999998	0.47371663
1863	0.104	0.47374912
1864	0.112	0.47413825
1865	0.119	0.47479536
1866	0.122	0.47491218
1867	0.13022269	0.47338353
1868	0.13525196	0.47198274
1869	0.14228123	0.47048522
1870	0.14731051	0.46933399
1871	0.15633978	0.48732546
1872	0.17336905	0.56696435
1873	0.18439832	0.57690133
1874	0.1744276	0.58328394
1875	0.18845687	0.5899696
1876	0.19148614	0.59639187
1877	0.19451541	0.60262312
1878	0.196	0.6090507
1879	0.21	0.61534752
1880	0.236	0.62124317
1881	0.243	0.64887292
1882	0.256	0.60466403
1883	0.272	0.60851762
1884	0.275	0.61212775
1885	0.27699999	0.61523611
1886	0.28099999	0.61714413
1887	0.295	0.61616314
1888	0.32699999	0.61473356
1889	0.32699999	0.6132002
1890	0.35599999	0.61175412
1891	0.37199999	0.61024855
1892	0.37399999	0.62319119
1893	0.36999999	0.62440331
1894	0.38299999	0.64036719
1895	0.40599999	0.64441851
1896	0.41899999	0.6462784
1897	0.43999999	0.64956412
1898	0.46499999	0.65100098
1899	0.50699999	0.65220446
1900	0.53399999	0.65320628
1901	0.55199999	0.70294318
1902	0.56599999	0.70297364
1903	0.61699999	0.72667096
1904	0.62399999	0.74829324
1905	0.66299999	0.76981521
1906	0.70699999	0.79653384
1907	0.78399999	0.80376274
1908	0.74999999	0.81141278
1909	0.78499999	0.81737807
1910	0.81899999	0.82198169
1911	0.83599999	0.77889405
1912	0.87899999	0.74784844
1913	0.94299999	0.72297977
1914	0.84999999	0.71479152
1915	0.83799999	0.70574964
1916	0.90099999	0.70811648
1917	0.95499999	0.7111963
1918	0.93599999	0.71430427
1919	0.80599999	0.71965435
1920	0.93199999	0.72128338
1921	0.80299999	0.75741661
1922	0.84499999	0.7479409
1923	0.96999999	0.75328819
1924	0.96299999	0.75686059
1925	0.97499999	0.75808855
1926	0.98299999	0.76148327
1927	1.062	0.79718283
1928	1.065	0.79967141
1929	1.145	0.82422601
1930	1.053	0.89587975
1931	0.93999999	0.90334082
1932	0.84699999	0.81222597
1933	0.89299999	0.80858849
1934	0.97299999	0.79686256
1935	1.027	0.79471575
1936	1.13	0.80129993
1937	1.209	0.77969902
1938	1.142	0.78188222
1939	1.192	0.77944376
1940	1.299	0.76683237
1941	1.334	0.75036458
1942	1.342	0.7690497
1943	1.391	0.7637656
1944	1.383	0.76839864
1945	1.16	0.76914739
1946	1.238	0.84214892
1947	1.392	0.87017994
1948	1.469	0.87513044
1949	1.419	0.88212641
1950	1.63	0.89233465
1951	1.768	1.0885201
1952	1.796	1.1096378
1953	1.841	1.1045171
1954	1.865	1.1521416
1955	2.043	1.1911855
1956	2.178	1.2446883
1957	2.27	1.2718718
1958	2.33	1.3195817
1959	2.462	1.2035957
1960	2.577	1.1922833
1961	2.594	1.2443218
1962	2.7	1.2355717
1963	2.848	1.2442947
1964	3.008	1.2515879
1965	3.145	1.2642558
1966	3.305	1.2936968
1967	3.411	1.2976254
1968	3.588	1.2352028
1969	3.8	1.2383879
1970	4.076	1.1971129
1971	4.231	1.0708913
1972	4.399	1.0470621
1973	4.6349999	1.0330987
1974	4.644	1.0387371
1975	4.615	1.0315876
1976	4.883	1.0906077
1977	5.029	1.0939874
1978	5.105	1.09037
1979	5.387	1.0647127
1980	5.332	1.0252096
1981	5.168	1.0448621
1982	5.127	1.1904055
1983	5.11	1.2255201
1984	5.29	1.2600833
1985	5.444	1.2753449
1986	5.61	1.2872023
1987	5.753	1.2940086
1988	5.964	1.3167248
1989	6.089	1.3236436
1990	6.144	1.3194833
1991	6.235	1.3809799
1992	6.118	1.3035304
1993	6.124	1.2981006
1994	6.242	1.2895956
1995	6.372	1.2750104
1996	6.51	1.2511025
1997	6.619	1.2181397
1998	6.588	1.2148431
1999	6.569	1.1827892
2000	6.735	1.1488
2001	6.8959	1.132
2002	6.949	1.2317
2003	7.286	1.2257
2004	7.6719	1.2429
2005	7.971	1.1955
2006	8.1615	1.165
2007	8.3523	1.1349
2008	8.5434	1.1045
2009	8.7345	1.0741
2010	8.9256	1.0437
2011	9.18679	1.02998
2012	9.44798	1.01626
2013	9.70917	1.00254
2014	9.97036	0.98882
2015	10.23155	0.9751
2016	10.49274	0.96138
2017	10.75393	0.94766
2018	11.01512	0.93394
2019	11.27631	0.92022
2020	11.5375	0.9065
2021	11.76766	0.88735
2022	11.99782	0.8682
2023	12.22798	0.84905
2024	12.45814	0.8299
2025	12.6883	0.81075
2026	12.91846	0.7916
2027	13.14862	0.77245
2028	13.37878	0.7533
2029	13.60894	0.73415
2030	13.8391	0.715
2031	14.13385	0.708
2032	14.4286	0.701
2033	14.72335	0.694
2034	15.0181	0.687
2035	15.31285	0.68
2036	15.6076	0.673
2037	15.90235	0.666
2038	16.1971	0.659
2039	16.49185	0.652
2040	16.7866	0.645
2041	17.1284	0.6381
2042	17.4702	0.6312
2043	17.812	0.6243
2044	18.1538	0.6174
2045	18.4956	0.6105
2046	18.8374	0.6036
2047	19.1792	0.5967
2048	19.521	0.5898
2049	19.8628	0.5829
2050	20.2046	0.576
2051	20.54375	0.5685
2052	20.8829	0.561
2053	21.22205	0.5535
2054	21.5612	0.546
2055	21.90035	0.5385
2056	22.2395	0.531
2057	22.57865	0.5235
2058	22.9178	0.516
2059	23.25695	0.5085
2060	23.5961	0.501
2061	23.83271	0.4921
2062	24.06932	0.4832
2063	24.30593	0.4743
2064	24.54254	0.4654
2065	24.77915	0.4565
2066	25.01576	0.4476
2067	25.25237	0.4387
2068	25.48898	0.4298
2069	25.72559	0.4209
2070	25.9622	0.412
2071	26.10659	0.4017
2072	26.25098	0.3914
2073	26.39537	0.3811
2074	26.53976	0.3708
2075	26.68415	0.3605
2076	26.82854	0.3502
2077	26.97293	0.3399
2078	27.11732	0.3296
2079	27.26171	0.3193
2080	27.4061	0.309
2081	27.49916	0.2975
2082	27.59222	0.286
2083	27.68528	0.2745
2084	27.77834	0.263
2085	27.8714	0.2515
2086	27.96446	0.24
2087	28.05752	0.2285
2088	28.15058	0.217
2089	28.24364	0.2055
2090	28.3367	0.194
2091	28.37703	0.1823
2092	28.41736	0.1706
2093	28.45769	0.1589
2094	28.49802	0.1472
2095	28.53835	0.1355
2096	28.57868	0.1238
2097	28.61901	0.1121
2098	28.65934	0.1004
2099	28.69967	0.0887
2100	28.74	0.077
2101	28.74	0.07392
2102	28.74	0.07084
2103	28.74	0.06776
2104	28.74	0.06468
2105	28.74	0.0616
2106	28.74	0.05852
2107	28.74	0.05544
2108	28.74	0.05236
2109	28.74	0.04928
2110	28.74	0.0462
2111	28.74	0.04312
2112	28.74	0.04004
2113	28.74	0.03696
2114	28.74	0.03388
2115	28.74	0.0308
2116	28.74	0.02772
2117	28.74	0.02464
2118	28.74	0.02156
2119	28.74	0.01848
2120	28.74	0.0154
2121	28.74	0.01232
2122	28.74	0.00924
2123	28.74	0.00616
2124	28.74	0.00308
2125	28.74	0
2126	28.74	0
2127	28.74	0
2128	28.74	0
2129	28.74	0
2130	28.74	0
2131	28.74	0
2132	28.74	0
2133	28.74	0
2134	28.74	0
2135	28.74	0
2136	28.74	0
2137	28.74	0
2138	28.74	0
2139	28.74	0
2140	28.74	0
2141	28.74	0
2142	28.74	0
2143	28.74	0
2144	28.74	0
2145	28.74	0
2146	28.74	0
2147	28.74	0
2148	28.74	0
2149	28.74	0
2150	28.74	0
2151	28.470205	0
2152	28.20041	0
2153	27.930615	0
2154	27.66082	0
2155	27.391026	0
2156	27.121231	0
2157	26.851436	0
2158	26.581641	0
2159	26.311846	0
2160	26.042051	0
2161	25.772256	0
2162	25.502461	0
2163	25.232666	0
2164	24.962871	0
2165	24.693077	0
2166	24.423282	0
2167	24.153487	0
2168	23.883692	0
2169	23.613897	0
2170	23.344102	0
2171	23.074307	0
2172	22.804512	0
2173	22.534717	0
2174	22.264922	0
2175	21.995128	0
2176	21.725333	0
2177	21.455538	0
2178	21.185743	0
2179	20.915948	0
2180	20.646153	0
2181	20.376358	0
2182	20.106563	0
2183	19.836768	0
2184	19.566973	0
2185	19.297179	0
2186	19.027384	0
2187	18.757589	0
2188	18.487794	0
2189	18.217999	0
2190	17.948204	0
2191	17.678409	0
2192	17.408614	0
2193	17.138819	0
2194	16.869024	0
2195	16.59923	0
2196	16.329435	0
2197	16.05964	0
2198	15.789845	0
2199	15.52005	0
2200	15.250255	0
2201	14.98046	0
2202	14.710665	0
2203	14.44087	0
2204	14.171076	0
2205	13.901281	0
2206	13.631486	0
2207	13.361691	0
2208	13.091896	0
2209	12.822101	0
2210	12.552306	0
2211	12.282511	0
2212	12.012716	0
2213	11.742921	0
2214	11.473127	0
2215	11.203332	0
2216	10.933537	0
2217	10.663742	0
2218	10.393947	0
2219	10.124152	0
2220	9.8543571	0
2221	9.5845622	0
2222	9.3147673	0
2223	9.0449724	0
2224	8.7751776	0
2225	8.5053827	0
2226	8.2355878	0
2227	7.9657929	0
2228	7.695998	0
2229	7.4262031	0
2230	7.1564082	0
2231	6.8866133	0
2232	6.6168184	0
2233	6.3470235	0
2234	6.0772286	0
2235	5.8074337	0
2236	5.5376388	0
2237	5.2678439	0
2238	4.998049	0
2239	4.7282541	0
2240	4.4584592	0
2241	4.1886643	0
2242	3.9188694	0
2243	3.6490745	0
2244	3.3792796	0
2245	3.1094847	0
2246	2.8396898	0
2247	2.5698949	0
2248	2.3001	0
2249	2.088	0
2250	2.0458	0
2251	2.05004	0
2252	2.05428	0
2253	2.05852	0
2254	2.06276	0
2255	2.067	0
2256	2.07852	0
2257	2.09004	0
2258	2.10156	0
2259	2.11308	0
2260	2.1246	0
2261	2.1217267	0
2262	2.1188533	0
2263	2.11598	0
2264	2.1131067	0
2265	2.1102333	0
2266	2.10736	0
2267	2.1044867	0
2268	2.1016133	0
2269	2.09874	0
2270	2.0958667	0
2271	2.0929933	0
2272	2.09012	0
2273	2.0872467	0
2274	2.0843733	0
2275	2.0815	0
2276	2.078004	0
2277	2.074508	0
2278	2.071012	0
2279	2.067516	0
2280	2.06402	0
2281	2.060524	0
2282	2.057028	0
2283	2.053532	0
2284	2.050036	0
2285	2.04654	0
2286	2.043044	0
2287	2.039548	0
2288	2.036052	0
2289	2.032556	0
2290	2.02906	0
2291	2.025564	0
2292	2.022068	0
2293	2.018572	0
2294	2.015076	0
2295	2.01158	0
2296	2.008084	0
2297	2.004588	0
2298	2.001092	0
2299	1.997596	0
2300	1.9941	0
2301	1.991988	0
2302	1.989876	0
2303	1.987764	0
2304	1.985652	0
2305	1.98354	0
2306	1.981428	0
2307	1.979316	0
2308	1.977204	0
2309	1.975092	0
2310	1.97298	0
2311	1.970868	0
2312	1.968756	0
2313	1.966644	0
2314	1.964532	0
2315	1.96242	0
2316	1.960308	0
2317	1.958196	0
2318	1.956084	0
2319	1.953972	0
2320	1.95186	0
2321	1.949748	0
2322	1.947636	0
2323	1.945524	0
2324	1.943412	0
2325	1.9413	0
2326	1.939188	0
2327	1.937076	0
2328	1.934964	0
2329	1.932852	0
2330	1.93074	0
2331	1.928628	0
2332	1.926516	0
2333	1.924404	0
2334	1.922292	0
2335	1.92018	0
2336	1.918068	0
2337	1.915956	0
2338	1.913844	0
2339	1.911732	0
2340	1.90962	0
2341	1.907508	0
2342	1.905396	0
2343	1.903284	0
2344	1.901172	0
2345	1.89906	0
2346	1.896948	0
2347	1.894836	0
2348	1.892724	0
2349	1.890612	0
2350	1.8885	0
2351	1.885994	0
2352	1.883488	0
2353	1.880982	0
2354	1.878476	0
2355	1.87597	0
2356	1.873464	0
2357	1.870958	0
2358	1.868452	0
2359	1.865946	0
2360	1.86344	0
2361	1.860934	0
2362	1.858428	0
2363	1.855922	0
2364	1.853416	0
2365	1.85091	0
2366	1.848404	0
2367	1.845898	0
2368	1.843392	0
2369	1.840886	0
2370	1.83838	0
2371	1.835874	0
2372	1.833368	0
2373	1.830862	0
2374	1.828356	0
2375	1.82585	0
2376	1.823344	0
2377	1.820838	0
2378	1.818332	0
2379	1.815826	0
2380	1.81332	0
2381	1.810814	0
2382	1.808308	0
2383	1.805802	0
2384	1.803296	0
2385	1.80079	0
2386	1.798284	0
2387	1.795778	0
2388	1.793272	0
2389	1.790766	0
2390	1.78826	0
2391	1.785754	0
2392	1.783248	0
2393	1.780742	0
2394	1.778236	0
2395	1.77573	0
2396	1.773224	0
2397	1.770718	0
2398	1.768212	0
2399	1.765706	0
2400	1.7632	0
2401	1.760278	0
2402	1.757356	0
2403	1.754434	0
2404	1.751512	0
2405	1.74859	0
2406	1.745668	0
2407	1.742746	0
2408	1.739824	0
2409	1.736902	0
2410	1.73398	0
2411	1.731058	0
2412	1.728136	0
2413	1.725214	0
2414	1.722292	0
2415	1.71937	0
2416	1.716448	0
2417	1.713526	0
2418	1.710604	0
2419	1.707682	0
2420	1.70476	0
2421	1.701838	0
2422	1.698916	0
2423	1.695994	0
2424	1.693072	0
2425	1.69015	0
2426	1.687228	0
2427	1.684306	0
2428	1.681384	0
2429	1.678462	0
2430	1.67554	0
2431	1.672618	0
2432	1.669696	0
2433	1.666774	0
2434	1.663852	0
2435	1.66093	0
2436	1.658008	0
2437	1.655086	0
2438	1.652164	0
2439	1.649242	0
2440	1.64632	0
2441	1.643398	0
2442	1.640476	0
2443	1.637554	0
2444	1.634632	0
2445	1.63171	0
2446	1.628788	0
2447	1.625866	0
2448	1.622944	0
2449	1.620022	0
2450	1.6171	0
2451	1.61445	0
2452	1.6118	0
2453	1.60915	0
2454	1.6065	0
2455	1.60385	0
2456	1.6012	0
2457	1.59855	0
2458	1.5959	0
2459	1.59325	0
2460	1.5906	0
2461	1.58795	0
2462	1.5853	0
2463	1.58265	0
2464	1.58	0
2465	1.57735	0
2466	1.5747	0
2467	1.57205	0
2468	1.5694	0
2469	1.56675	0
2470	1.5641	0
2471	1.56145	0
2472	1.5588	0
2473	1.55615	0
2474	1.5535	0
2475	1.55085	0
2476	1.5482	0
2477	1.54555	0
2478	1.5429	0
2479	1.54025	0
2480	1.5376	0
2481	1.53495	0
2482	1.5323	0
2483	1.52965	0
2484	1.527	0
2485	1.52435	0
2486	1.5217	0
2487	1.51905	0
2488	1.5164	0
2489	1.51375	0
2490	1.5111	0
2491	1.50845	0
2492	1.5058	0
2493	1.50315	0
2494	1.5005	0
2495	1.49785	0
2496	1.4952	0
2497	1.49255	0
2498	1.4899	0
2499	1.48725	0
2500	1.4846	0
